%YAML:1.0
---
camera_matrix_left: !!opencv-matrix
   rows: 3
   cols: 3
   dt: d
   data: [ 1.2906407394560501e+03, 0., 2.9272954029154261e+02, 0.,
       1.1074770598571795e+03, 5.1117624734956991e+01, 0., 0., 1. ]
camera_matrix_right: !!opencv-matrix
   rows: 3
   cols: 3
   dt: d
   data: [ 1.3587170734347460e+03, 0., 2.5367491226131324e+02, 0.,
       1.2724422128287204e+03, 2.0064071100940711e+02, 0., 0., 1. ]
discoeffs_left: !!opencv-matrix
   rows: 1
   cols: 5
   dt: d
   data: [ -2.5822269449699640e+00, -9.5588982283322421e-01,
       3.0566322335701790e-01, 2.9293378009991829e-02,
       4.6032192036442979e+01 ]
discoeffs_right: !!opencv-matrix
   rows: 1
   cols: 5
   dt: d
   data: [ -3.9041022840280566e+00, 1.0917229335007967e+02,
       7.7927712391232876e-02, 2.2325317770430290e-02,
       -1.2772612023938198e+03 ]
R: !!opencv-matrix
   rows: 3
   cols: 3
   dt: d
   data: [ 9.9996780989569201e-01, 4.7469150324041687e-03,
       6.4688461172238169e-03, -3.9546571268411282e-03,
       9.9307550674113898e-01, -1.1741123710207260e-01,
       -6.9813938022654900e-03, 1.1738187555370344e-01,
       9.9306231195835470e-01 ]
T: !!opencv-matrix
   rows: 3
   cols: 1
   dt: d
   data: [ -1.4095986284912451e+03, 4.6761077945174236e+01,
       3.9692425310032297e+02 ]
E: !!opencv-matrix
   rows: 3
   cols: 3
   dt: d
   data: [ 1.2432418265855911e+00, -3.8868685075333383e+02,
       9.3040031766224658e+01, 3.8707051293858257e+02,
       1.6734549649399810e+02, 1.4023869148563417e+03,
       -4.1185093439049247e+01, -1.4000598431543872e+03,
       1.6520022857103908e+02 ]
F: !!opencv-matrix
   rows: 3
   cols: 3
   dt: d
   data: [ 5.7052161586795106e-08, -2.0786768056188928e-05,
       6.5563782850700577e-03, 1.8966951920149816e-05,
       9.5563514936957925e-06, 8.2650544467324588e-02,
       -6.3879596012531795e-03, -9.8377522834774120e-02,
       9.9999999999999989e-01 ]
